,THP_i,WGR_i,GFR_i,ALQ_i,BHP_q1,BHP_q2,BHP_q3,BHP_q4,BHP_q5,BHP_q6
0,1,1,1,1,12.148987177828662,13.627952827264462,17.423606042306822,25.065567288786347,36.38356560407366,51.100825719073185
1,2,1,1,1,26.982936482922256,22.371057537188715,25.00757391895434,30.958321829563058,40.69917091991126,54.20085481797193
2,3,1,1,1,79.09434420120049,56.15993467972401,54.93140814864986,57.92759630323421,63.85877643001727,73.31584056949234
3,4,1,1,1,162.320330974958,115.45398417805572,110.08269438462116,109.80651879275322,113.27931036549559,119.09513033661048
4,5,1,1,1,234.5721098248896,176.33844617825903,166.12422951559975,163.58101502343746,165.77103740974206,169.99947635878448
5,6,1,1,1,300.1950192244501,237.81373831240097,222.66662690969264,218.09243637281764,219.12989519412162,222.52492097030404
6,1,2,1,1,12.317609042843639,13.695122963498672,17.516655418555096,25.2017714636196,36.57579695205263,51.35968837401926
7,2,2,1,1,27.342146064467386,22.500753483627868,25.11337265152855,31.112692199052965,40.91072552312391,54.47675003343848
8,3,2,1,1,80.06744767669382,56.44675166020578,55.136594912629214,58.100888588345434,64.1045617276687,73.63789065818874
9,4,2,1,1,163.55473956858287,116.02988285750227,110.4157489027314,109.98164918353373,113.5353977402165,119.44176449898437
10,5,2,1,1,235.68803123706857,177.22459157222656,166.60062848129536,163.88079153586918,166.02560452563065,170.34895188801693
11,6,2,1,1,301.1540874369489,238.97615688751299,223.30375566999552,218.4609250677298,219.37995732810975,222.87125040132668
12,1,3,1,1,12.958334795089279,13.940360946025251,17.856571696680415,25.699731753626075,37.27866794558957,52.30554218564832
13,2,3,1,1,28.709346225808584,23.06476309580633,25.499058753967766,31.675975713240327,41.68308723242329,55.48427522438065
14,3,3,1,1,83.63161883720593,57.528684909479324,55.92541193399596,58.73196205945475,64.99952531703843,74.81025502389164
15,4,3,1,1,167.84201855705123,118.18812482569871,111.6757652635185,110.64180041569811,114.46742082659347,120.70224450510112
16,5,3,1,1,239.47414048227276,180.49948537477377,168.39892639758568,165.07277688925205,166.95221853358282,171.61978456571632
17,6,3,1,1,304.368225181624,243.20231954462713,225.69776361904272,219.87120187097642,220.29033072021343,224.1308717190702
18,1,4,1,1,16.529582823635856,15.211740822724597,19.45863508496156,28.056081175321587,40.6047415718014,56.776051443406544
19,2,4,1,1,36.27313729796856,26.14895944418536,27.306629822599554,34.315971816687224,45.31727831396943,60.23038749967887
20,3,4,1,1,99.73856301023082,63.20355505026861,60.19601892323841,61.664969238888546,69.16409774864813,80.27345198652542
21,4,4,1,1,183.78185180218895,129.06353104438193,118.23600186891898,115.91957487599744,118.7949395379775,126.54950855717927
22,5,4,1,1,252.52105353257394,195.8881887632512,177.63270880013744,171.38940502826364,172.1233651167741,177.51522226884651
23,6,4,1,1,315.024677664618,261.66062590921604,237.67728521950443,227.2472146086568,226.72994822945296,229.9784094617968
